choice id.cust week priceCH priceMM discountCH discountMM loyaltyCH loyaltyMM store
CH 2125401 237 1.75 1.99 0 0 0.5 0.5 1
CH 2125401 239 1.75 1.99 0 0.3 0.6 0.4 1
CH 2125401 245 1.86 2.09 0.17 0 0.68 0.32 1
MM 2125849 227 1.69 1.69 0 0 0.4 0.6 1
CH 2126904 228 1.69 1.69 0 0 0.956535 0.043465 0
CH 2126904 230 1.69 1.99 0 0 0.965228 0.034772 0
CH 2126904 232 1.69 1.99 0 0.4 0.972182 0.027818 0
CH 2126904 234 1.75 1.99 0 0.4 0.977746 0.022254 0
CH 2126904 235 1.75 1.99 0 0.4 0.982197 0.017803 0
CH 2126904 238 1.75 1.99 0 0.4 0.985757 0.014243 0
CH 2126904 240 1.86 2.09 0 0 0.988606 0.011394 0
CH 2126904 263 1.86 2.13 0.27 0 0.990885 0.009115 0
CH 2126904 276 1.99 2.13 0 0.54 0.992708 0.007292 0
CH 2127001 268 1.86 2.13 0 0 0.68 0.32 0
CH 2127001 278 2.06 2.13 0 0 0.744 0.256 0
CH 2127001 278 2.06 2.13 0 0 0.7952 0.2048 0
MM 2127019 240 1.75 1.99 0 0.3 0.5 0.5 1
MM 2127019 268 1.86 2.18 0 0 0.4 0.6 2
MM 2127019 269 1.86 2.18 0 0 0.32 0.68 2
CH 2127027 254 1.86 2.18 0 0 0.5 0.5 0
CH 2127027 257 1.86 2.18 0 0 0.6 0.4 0
CH 2127027 258 1.76 2.18 0 0 0.68 0.32 1
CH 2127027 259 1.86 2.18 0 0 0.744 0.256 0
CH 2127027 264 1.86 2.13 0.37 0 0.7952 0.2048 0
CH 2127027 268 1.86 2.13 0 0 0.83616 0.16384 0
CH 2127027 269 1.86 2.13 0.27 0 0.868928 0.131072 0
CH 2127027 271 1.86 2.13 0 0 0.895142 0.104858 0
CH 2127027 272 1.86 2.13 0 0 0.916114 0.083886 0
CH 2127027 274 1.86 2.13 0.47 0.54 0.932891 0.067109 0
CH 2127027 278 2.06 2.13 0 0 0.946313 0.053687 0
CH 2127191 246 1.89 2.09 0 0 0.5 0.5 2
CH 2127191 265 1.86 2.13 0.37 0 0.6 0.4 0
MM 2127191 275 1.96 2.18 0 0.8 0.68 0.32 2
MM 2127548 232 1.69 1.69 0 0 0.68 0.32 2
CH 2127548 251 1.99 2.23 0 0 0.544 0.456 3
CH 2127548 256 1.99 2.29 0 0 0.6352 0.3648 3
CH 2127548 258 1.76 2.18 0 0 0.70816 0.29184 1
CH 2127688 277 1.99 2.13 0.24 0 0.7952 0.2048 1
CH 2128058 271 1.99 2.09 0.1 0.4 0.4 0.6 4
CH 2128231 227 1.79 1.79 0 0 0.920961 0.079039 4
CH 2128231 229 1.79 1.79 0 0 0.936769 0.063231 4
CH 2128231 230 1.79 1.79 0 0 0.949415 0.050585 4
CH 2128231 233 1.79 2.09 0 0 0.959532 0.040468 4
CH 2128231 236 1.79 2.09 0 0 0.967626 0.032374 4
MM 2128231 237 1.79 2.09 0 0 0.9741 0.0259 4
CH 2128231 240 1.79 2.23 0 0 0.77928 0.22072 4
CH 2128231 244 1.99 2.23 0 0 0.823424 0.176576 4
CH 2128231 245 1.99 2.23 0 0 0.858739 0.141261 4
CH 2128231 246 1.99 2.23 0 0 0.886992 0.113008 4
CH 2128231 247 1.99 2.23 0 0 0.909593 0.090407 4
MM 2128231 248 1.99 2.23 0 0 0.927675 0.072325 4
CH 2128231 249 1.99 2.23 0 0 0.74214 0.25786 4
CH 2128231 252 1.99 2.23 0 0 0.793712 0.206288 4
MM 2128231 254 1.99 2.29 0 0 0.834969 0.165031 4
CH 2128231 256 1.99 2.29 0 0 0.667976 0.332024 4
CH 2128231 256 1.99 2.29 0 0 0.73438 0.26562 4
CH 2128231 257 1.99 2.29 0 0.4 0.787504 0.212496 4
CH 2128231 258 1.99 2.29 0 0 0.830003 0.169997 4
CH 2128231 258 1.86 2.18 0 0 0.864003 0.135997 0
CH 2128231 259 1.99 2.29 0 0 0.891202 0.108798 4
CH 2128231 260 1.99 2.09 0 0 0.912962 0.087038 4
CH 2128231 263 1.99 2.09 0 0 0.930369 0.069631 4
MM 2128231 265 1.99 2.09 0.1 0 0.944296 0.055704 4
CH 2128231 265 1.99 2.09 0.1 0 0.755436 0.244564 4
CH 2128231 266 1.99 2.09 0.1 0 0.804349 0.195651 4
CH 2128231 267 1.99 2.09 0.1 0 0.843479 0.156521 4
MM 2128231 269 1.99 2.09 0.1 0 0.874783 0.125217 4
MM 2128231 270 1.99 2.09 0.1 0 0.699827 0.300173 4
CH 2128231 272 1.99 2.09 0 0.4 0.559861 0.440139 4
CH 2128231 272 1.99 2.09 0 0.4 0.647889 0.352111 4
CH 2128231 274 1.99 2.09 0 0.4 0.718311 0.281689 4
CH 2128231 275 2.09 2.09 0 0.4 0.774649 0.225351 4
CH 2128231 276 2.09 2.09 0.2 0.4 0.819719 0.180281 4
CH 2128231 278 2.09 2.09 0.2 0 0.855775 0.144225 4
CH 2128363 230 1.69 1.99 0 0 0.68 0.32 0
CH 2128363 238 1.79 2.09 0 0 0.744 0.256 4
CH 2128363 239 1.79 2.23 0 0 0.7952 0.2048 4
CH 2128363 251 1.99 2.23 0 0 0.83616 0.16384 4
CH 2128363 252 1.89 2.09 0.13 0 0.868928 0.131072 2
CH 2128363 255 1.99 2.29 0 0 0.895142 0.104858 4
CH 2128363 263 1.99 2.09 0 0 0.916114 0.083886 4
CH 2128363 264 1.99 2.09 0.1 0 0.932891 0.067109 4
CH 2128363 269 1.99 2.09 0.1 0 0.946313 0.053687 4
CH 2128363 273 1.99 2.09 0 0.4 0.95705 0.04295 4
CH 2128363 275 2.09 2.09 0 0.4 0.96564 0.03436 4
CH 2128363 276 1.99 2.18 0 0 0.972512 0.027488 2
CH 2128363 277 2.09 2.09 0.2 0.4 0.97801 0.02199 4
CH 2128389 252 1.99 2.23 0 0 0.68 0.32 4
CH 2128389 275 2.09 2.09 0 0.4 0.744 0.256 4
CH 2128389 277 2.09 2.09 0.2 0.4 0.7952 0.2048 3
CH 2128769 237 1.79 2.09 0 0 0.5 0.5 4
CH 2128769 269 1.99 2.09 0.1 0 0.6 0.4 4
CH 2128785 242 1.99 2.23 0 0 0.5 0.5 4
CH 2128785 244 1.86 2.09 0 0.2 0.6 0.4 0
CH 2129726 241 1.75 1.99 0 0.3 0.5 0.5 2
CH 2129726 277 1.99 2.18 0 0 0.6 0.4 2
CH 2129791 277 1.99 2.13 0.5 0 0.4 0.6 0
CH 2129882 227 1.69 1.69 0 0 0.744 0.256 2
CH 2129882 229 1.69 1.69 0 0 0.7952 0.2048 2
CH 2129882 234 1.69 1.99 0 0 0.83616 0.16384 2
CH 2129882 236 1.75 1.99 0 0 0.868928 0.131072 2
CH 2129882 237 1.75 1.99 0 0 0.895142 0.104858 2
CH 2129882 240 1.75 1.99 0 0.3 0.916114 0.083886 2
MM 2129882 241 1.75 1.99 0 0.3 0.932891 0.067109 2
CH 2129882 243 1.86 2.09 0 0 0.746313 0.253687 2
CH 2129882 245 1.89 2.09 0 0 0.79705 0.20295 2
CH 2129882 245 1.86 2.09 0.17 0 0.83764 0.16236 1
CH 2129882 248 1.89 2.09 0 0 0.870112 0.129888 2
CH 2129882 248 1.89 2.09 0 0 0.89609 0.10391 2
CH 2129882 249 1.89 2.09 0 0 0.916872 0.083128 2
CH 2129882 249 1.86 2.09 0 0 0.933497 0.066503 1
MM 2129882 251 1.99 2.23 0 0 0.946798 0.053202 3
CH 2129882 253 1.89 2.09 0.13 0 0.757438 0.242562 2
CH 2129882 254 1.89 2.09 0.13 0 0.805951 0.194049 2
CH 2129882 255 1.89 2.18 0.13 0 0.844761 0.155239 2
CH 2129882 257 1.99 2.29 0 0.4 0.875808 0.124192 3
CH 2129882 257 1.86 2.18 0 0 0.900647 0.099353 2
CH 2129882 258 1.86 2.18 0 0 0.920517 0.079483 2
CH 2129882 259 1.99 2.29 0 0 0.936414 0.063586 3
CH 2129882 259 1.86 2.18 0 0.4 0.949131 0.050869 2
CH 2129882 260 1.86 2.18 0 0.7 0.959305 0.040695 2
CH 2129882 261 1.76 1.99 0 0 0.967444 0.032556 1
CH 2129882 261 1.86 2.18 0 0 0.973955 0.026045 2
CH 2129882 263 1.86 2.18 0 0 0.979164 0.020836 2
MM 2129882 264 1.86 2.18 0 0 0.983331 0.016669 2
CH 2129882 265 1.86 2.18 0 0 0.786665 0.213335 2
CH 2129882 266 1.86 1.99 0 0.1 0.829332 0.170668 1
CH 2129882 266 1.86 2.18 0 0 0.863466 0.136534 2
CH 2129882 267 1.86 2.18 0 0.4 0.890772 0.109228 2
CH 2129882 270 1.86 2.18 0 0 0.912618 0.087382 2
CH 2129882 270 1.86 2.18 0 0 0.930094 0.069906 1
CH 2129882 271 1.86 2.18 0 0.06 0.944076 0.055924 2
CH 2129882 272 1.86 2.18 0 0.06 0.95526 0.04474 2
CH 2129882 273 1.86 2.13 0 0.54 0.964208 0.035792 0
CH 2129882 273 1.86 2.18 0 0 0.971367 0.028633 1
CH 2129882 274 1.96 2.18 0 0.8 0.977093 0.022907 2
CH 2129882 275 1.96 2.18 0 0.8 0.981675 0.018325 2
CH 2129882 276 1.99 2.13 0 0.54 0.98534 0.01466 0
CH 2129882 278 1.99 2.18 0 0 0.988272 0.011728 2
CH 2129908 242 1.99 2.23 0 0 0.6 0.4 3
CH 2130039 237 1.75 1.99 0 0 0.52 0.48 1
CH 2130153 251 1.99 2.23 0 0 0.5 0.5 4
MM 2130153 255 1.99 2.29 0 0 0.6 0.4 4
MM 2130153 261 1.86 2.13 0 0.24 0.48 0.52 0
CH 2130153 277 2.09 2.09 0.2 0.4 0.384 0.616 4
MM 2130856 233 1.75 1.99 0 0.4 0.5 0.5 0
MM 2130856 236 1.75 1.99 0 0.4 0.4 0.6 0
MM 2130856 243 1.86 2.09 0 0.2 0.32 0.68 0
MM 2130856 244 1.86 2.09 0 0.2 0.256 0.744 0
MM 2130856 245 1.86 2.09 0 0.2 0.2048 0.7952 0
MM 2130856 252 1.86 2.09 0.1 0 0.16384 0.83616 0
MM 2130856 277 1.99 2.13 0.5 0 0.131072 0.868928 0
CH 2131060 228 1.79 1.79 0 0 0.83616 0.16384 4
CH 2131060 230 1.79 1.79 0 0 0.868928 0.131072 3
CH 2131060 231 1.79 1.79 0 0 0.895142 0.104858 3
CH 2131060 233 1.69 1.99 0 0 0.916114 0.083886 1
CH 2131060 263 1.99 2.09 0 0 0.932891 0.067109 4
CH 2131060 264 1.99 2.09 0.1 0 0.946313 0.053687 4
CH 2131060 265 1.99 2.09 0.1 0 0.95705 0.04295 4
CH 2131060 266 1.99 2.09 0.1 0 0.96564 0.03436 4
CH 2131060 267 1.99 2.09 0.1 0 0.972512 0.027488 4
CH 2131060 269 1.99 2.09 0.1 0 0.97801 0.02199 4
CH 2131060 270 1.86 2.18 0 0 0.982408 0.017592 1
CH 2131060 271 1.99 2.09 0.1 0.4 0.985926 0.014074 4
CH 2131060 272 1.99 2.09 0 0.4 0.988741 0.011259 4
CH 2131060 274 1.99 2.09 0 0.4 0.990993 0.009007 4
CH 2131060 276 2.09 2.09 0.2 0.4 0.992794 0.007206 4
CH 2131060 277 2.09 2.09 0.2 0.4 0.994235 0.005765 4
CH 2131060 278 2.09 2.09 0.2 0 0.995388 0.004612 3
CH 2131367 269 1.86 2.18 0 0 0.6 0.4 2
CH 2131631 229 1.69 1.69 0 0.2 0.95705 0.04295 0
CH 2131631 230 1.69 1.99 0 0 0.96564 0.03436 0
CH 2131631 231 1.79 1.79 0 0 0.972512 0.027488 4
CH 2131631 233 1.79 2.09 0 0 0.97801 0.02199 4
CH 2131631 239 1.79 2.09 0 0 0.982408 0.017592 0
CH 2131631 240 1.79 2.23 0 0 0.985926 0.014074 4
CH 2131631 242 1.86 2.09 0 0 0.988741 0.011259 0
CH 2131631 243 1.99 2.23 0 0 0.990993 0.009007 4
CH 2131631 244 1.86 2.09 0 0.2 0.992794 0.007206 0
CH 2131631 246 1.99 2.23 0 0 0.994235 0.005765 4
CH 2131631 249 1.99 2.23 0 0 0.995388 0.004612 4
CH 2131631 250 1.86 2.09 0 0 0.996311 0.003689 0
CH 2131631 251 1.99 2.23 0 0 0.997049 0.002951 4
CH 2131631 254 1.99 2.29 0 0 0.997639 0.002361 4
CH 2131631 255 1.99 2.29 0 0 0.998111 0.001889 4
CH 2131631 257 1.99 2.29 0 0.4 0.998489 0.001511 4
CH 2131631 260 1.99 2.09 0 0 0.998791 0.001209 4
CH 2131631 261 1.99 2.09 0 0 0.999033 0.000967 4
CH 2131631 262 1.99 2.09 0 0 0.999226 0.000774 4
CH 2131631 264 1.99 2.09 0.1 0 0.999381 0.000619 4
CH 2131631 265 1.99 2.09 0.1 0 0.999505 0.000495 4
CH 2131631 266 1.86 2.13 0.37 0 0.999604 0.000396 0
CH 2131631 267 1.86 2.13 0 0 0.999683 0.000317 0
CH 2131631 269 1.86 2.13 0.27 0 0.999746 0.000254 0
CH 2131631 271 1.99 2.09 0.1 0.4 0.999797 0.000203 4
CH 2131631 272 1.99 2.09 0 0.4 0.999838 0.000162 4
CH 2131631 274 1.99 2.09 0 0.4 0.99987 0.00013 4
CH 2131631 275 1.99 2.13 0 0.54 0.999896 0.000104 0
CH 2131631 276 2.09 2.09 0.2 0.4 0.999917 8.3e-05 4
CH 2131631 277 1.99 2.13 0.5 0 0.999934 6.6e-05 0
CH 2131631 278 2.09 2.09 0.2 0 0.999947 5.3e-05 4
MM 2132936 229 1.69 1.69 0 0.2 0.68 0.32 0
CH 2132936 230 1.69 1.99 0 0 0.544 0.456 0
CH 2132936 231 1.69 1.99 0 0 0.6352 0.3648 0
CH 2132936 233 1.75 1.99 0 0.4 0.70816 0.29184 0
CH 2132936 237 1.75 1.99 0 0.4 0.766528 0.233472 0
CH 2132936 241 1.86 2.09 0 0 0.813222 0.186778 0
CH 2132936 242 1.86 2.09 0 0 0.850578 0.149422 0
CH 2132936 253 1.86 2.09 0.1 0 0.880462 0.119538 0
CH 2132936 256 1.86 2.18 0 0 0.90437 0.09563 0
CH 2132936 258 1.86 2.18 0 0 0.923496 0.076504 0
CH 2132936 259 1.86 2.18 0 0 0.938797 0.061203 0
CH 2132936 260 1.86 2.13 0 0.24 0.951037 0.048963 0
CH 2132936 263 1.86 2.13 0.27 0 0.96083 0.03917 0
CH 2132936 264 1.86 2.13 0.37 0 0.968664 0.031336 0
CH 2132936 265 1.86 2.13 0.37 0 0.974931 0.025069 0
CH 2132936 265 1.86 2.13 0.37 0 0.979945 0.020055 0
CH 2132936 267 1.86 2.13 0 0 0.983956 0.016044 0
CH 2132936 270 1.86 2.13 0.27 0 0.987165 0.012835 0
CH 2132936 272 1.86 2.13 0 0 0.989732 0.010268 0
CH 2132936 274 1.96 2.18 0 0.8 0.991785 0.008215 2
MM 2133256 228 1.69 1.69 0 0 0.32 0.68 1
CH 2133256 234 1.69 1.99 0 0 0.256 0.744 1
MM 2133256 243 1.86 1.99 0 0.8 0.4048 0.5952 1
CH 2133256 251 1.76 2.09 0 0 0.32384 0.67616 1
MM 2133256 253 1.76 2.09 0 0 0.459072 0.540928 1
MM 2133538 242 1.99 2.23 0 0 0.5 0.5 3
MM 2133538 244 1.99 2.23 0 0 0.4 0.6 3
MM 2133538 247 1.99 2.23 0 0 0.32 0.68 3
CH 2133751 274 1.86 2.13 0.47 0.54 0.52 0.48 0
MM 2133751 276 1.99 2.13 0 0.54 0.616 0.384 0
CH 2134775 228 1.69 1.69 0 0 0.535142 0.464858 0
CH 2134775 233 1.75 1.99 0 0.4 0.628114 0.371886 0
MM 2134775 234 1.75 1.99 0 0.4 0.702491 0.297509 0
CH 2134775 235 1.75 1.99 0 0.4 0.561993 0.438007 0
CH 2134775 236 1.79 2.09 0 0 0.649594 0.350406 3
CH 2134775 238 1.79 2.09 0 0 0.719675 0.280325 3
CH 2134775 240 1.86 2.09 0 0 0.77574 0.22426 0
CH 2134775 250 1.86 2.09 0 0 0.820592 0.179408 0
CH 2134775 254 1.86 2.18 0 0 0.856474 0.143526 0
CH 2134775 257 1.86 2.18 0 0 0.885179 0.114821 0
CH 2134775 258 1.86 2.18 0 0 0.908143 0.091857 0
CH 2134775 259 1.86 2.18 0 0 0.926515 0.073485 0
CH 2134775 260 1.86 2.13 0 0.24 0.941212 0.058788 0
CH 2134775 261 1.86 2.13 0 0.24 0.952969 0.047031 0
CH 2134775 262 1.86 2.13 0 0 0.962375 0.037625 0
CH 2134775 264 1.86 2.13 0.37 0 0.9699 0.0301 0
CH 2134775 266 1.86 2.13 0.37 0 0.97592 0.02408 0
CH 2134775 268 1.86 2.13 0 0 0.980736 0.019264 0
CH 2134775 268 1.86 2.13 0 0 0.984589 0.015411 0
CH 2134775 269 1.86 2.13 0.27 0 0.987671 0.012329 0
CH 2134775 270 1.86 2.13 0.27 0 0.990137 0.009863 0
CH 2134775 271 1.86 2.13 0 0 0.99211 0.00789 0
CH 2134775 272 1.86 2.13 0 0 0.993688 0.006312 0
MM 2134775 275 1.99 2.13 0 0.54 0.99495 0.00505 0
CH 2135111 229 1.69 1.69 0 0.2 0.16384 0.83616 0
CH 2135111 232 1.69 1.99 0 0.4 0.331072 0.668928 0
CH 2135343 257 1.86 2.18 0 0 0.5 0.5 2
MM 2135343 264 1.99 2.09 0.1 0 0.6 0.4 3
MM 2135343 265 1.86 2.18 0 0 0.48 0.52 2
MM 2135343 267 1.86 2.18 0 0.4 0.384 0.616 2
CH 2135343 270 1.86 2.18 0 0 0.3072 0.6928 2
CH 2135343 272 1.86 2.18 0 0.06 0.44576 0.55424 2
CH 2135343 273 1.86 2.18 0 0.06 0.556608 0.443392 2
CH 2135343 276 1.99 2.18 0 0 0.645286 0.354714 2
CH 2135343 278 1.99 2.18 0 0 0.716229 0.283771 2
MM 2136093 259 1.86 2.18 0 0.4 0.6672 0.3328 2
MM 2136127 229 1.79 1.79 0 0 0.5648 0.4352 3
MM 2136127 235 1.79 2.09 0 0 0.45184 0.54816 3
MM 2136325 261 1.86 2.18 0 0 0.53376 0.46624 2
MM 2136325 273 1.86 2.18 0 0.06 0.427008 0.572992 2
MM 2136325 276 2.09 2.09 0.2 0.4 0.341606 0.658394 3
MM 2136325 278 2.09 2.09 0.2 0 0.273285 0.726715 3
MM 2136838 229 1.79 1.79 0 0 0.027488 0.972512 3
MM 2136838 234 1.79 2.09 0 0 0.02199 0.97801 3
MM 2136838 239 1.79 2.23 0 0 0.017592 0.982408 3
MM 2136838 240 1.79 2.23 0 0 0.014074 0.985926 3
MM 2136838 240 1.79 2.23 0 0 0.011259 0.988741 3
MM 2136838 241 1.79 2.23 0 0 0.009007 0.990993 3
MM 2136838 242 1.99 2.23 0 0 0.007206 0.992794 3
MM 2136838 243 1.99 2.23 0 0 0.005765 0.994235 3
MM 2136838 244 1.99 2.23 0 0 0.004612 0.995388 3
MM 2136838 247 1.99 2.23 0 0 0.003689 0.996311 3
MM 2136838 248 1.99 2.23 0 0 0.002951 0.997049 3
MM 2136838 250 1.99 2.23 0 0 0.002361 0.997639 3
MM 2136838 253 1.99 2.23 0 0 0.001889 0.998111 3
MM 2136838 259 1.99 2.29 0 0 0.001511 0.998489 3
MM 2136838 261 1.99 2.09 0 0 0.001209 0.998791 3
MM 2136838 263 1.99 2.09 0 0 0.000967 0.999033 3
MM 2136838 264 1.99 2.09 0.1 0 0.000774 0.999226 3
MM 2136838 266 1.99 2.09 0.1 0 0.000619 0.999381 3
MM 2136838 267 1.99 2.09 0.1 0 0.000495 0.999505 3
MM 2136838 270 1.86 2.18 0 0 0.000396 0.999604 2
MM 2136838 273 1.86 2.18 0 0.06 0.000317 0.999683 2
MM 2136838 275 1.96 2.18 0 0.8 0.000254 0.999746 2
MM 2136838 276 2.09 2.09 0.2 0.4 0.000203 0.999797 3
CH 2137778 228 1.69 1.69 0 0 0.48 0.52 2
MM 2137778 229 1.69 1.69 0 0 0.584 0.416 2
MM 2137778 231 1.69 1.69 0.3 0 0.4672 0.5328 2
MM 2137778 233 1.69 1.69 0 0 0.37376 0.62624 2
CH 2137778 234 1.79 2.09 0 0 0.299008 0.700992 3
MM 2137778 240 1.75 1.99 0 0.3 0.439206 0.560794 2
MM 2137778 242 1.75 1.99 0.16 0.3 0.351365 0.648635 2
CH 2137778 245 1.89 2.09 0 0 0.281092 0.718908 2
MM 2137778 253 1.99 2.23 0 0 0.424874 0.575126 3
MM 2137778 256 1.89 2.18 0.13 0 0.339899 0.660101 2
MM 2137778 262 1.86 2.18 0 0.6 0.271919 0.728081 2
MM 2137778 263 1.86 2.18 0 0 0.217535 0.782465 2
CH 2137778 269 1.99 2.09 0.1 0 0.174028 0.825972 3
CH 2137778 270 1.86 2.18 0 0 0.339223 0.660777 2
CH 2137778 272 1.86 2.18 0 0.06 0.471378 0.528622 2
CH 2137778 273 1.86 2.18 0 0.06 0.577102 0.422898 2
CH 2137778 275 1.96 2.18 0 0.8 0.661682 0.338318 2
CH 2137778 276 1.99 2.18 0 0 0.729346 0.270654 2
CH 2137778 276 1.99 2.18 0 0 0.783476 0.216524 2
CH 2137778 278 1.99 2.18 0 0 0.826781 0.173219 2
MM 2137786 238 1.79 2.09 0 0 0.7952 0.2048 3
CH 2137786 241 1.79 2.23 0 0 0.63616 0.36384 3
CH 2137786 246 1.99 2.23 0 0 0.708928 0.291072 3
CH 2137828 251 1.99 2.23 0 0 0.5 0.5 3
CH 2137828 257 1.99 2.29 0 0.4 0.6 0.4 3
CH 2137828 264 1.99 2.09 0.1 0 0.68 0.32 3
MM 2138081 271 1.99 2.09 0.1 0.4 0.5 0.5 3
CH 2138081 271 1.99 2.09 0.1 0.4 0.4 0.6 3
MM 2138685 230 1.69 1.69 0 0.2 0.4 0.6 1
CH 2138685 231 1.69 1.69 0.3 0.2 0.32 0.68 1
CH 2138685 251 1.76 2.09 0 0 0.456 0.544 1
CH 2138685 266 1.86 1.99 0 0.1 0.5648 0.4352 1
MM 2138685 267 1.99 2.09 0.1 0 0.65184 0.34816 4
CH 2139246 268 1.86 2.13 0 0 0.4 0.6 0
MM 2139469 262 1.76 1.99 0 0.4 0.5 0.5 1
MM 2139469 266 1.86 1.99 0 0.1 0.4 0.6 1
MM 2139709 229 1.69 1.69 0 0.2 0.149422 0.850578 0
MM 2139709 236 1.75 1.99 0 0.4 0.119538 0.880462 0
MM 2139709 237 1.75 1.99 0 0.4 0.09563 0.90437 0
MM 2139709 238 1.75 1.99 0 0.4 0.076504 0.923496 0
MM 2139709 242 1.86 2.09 0 0 0.061203 0.938797 0
MM 2139709 254 1.86 2.18 0 0 0.048963 0.951037 0
MM 2139709 255 1.86 2.18 0 0 0.03917 0.96083 0
CH 2140103 233 1.75 1.99 0 0.4 0.744 0.256 0
CH 2140103 251 1.86 2.09 0.1 0 0.7952 0.2048 0
CH 2140103 253 1.86 2.09 0.1 0 0.83616 0.16384 0
CH 2140103 254 1.76 2.09 0 0 0.868928 0.131072 1
CH 2140103 260 1.86 2.13 0 0.24 0.895142 0.104858 0
CH 2140103 261 1.86 2.13 0 0.24 0.916114 0.083886 0
CH 2140103 263 1.86 2.13 0.27 0 0.932891 0.067109 0
CH 2140103 264 1.86 2.13 0.37 0 0.946313 0.053687 0
CH 2140103 267 1.86 2.13 0 0 0.95705 0.04295 0
CH 2140103 268 1.86 2.13 0 0 0.96564 0.03436 0
CH 2140103 269 1.86 2.13 0.27 0 0.972512 0.027488 0
CH 2140103 277 1.99 2.13 0.5 0 0.97801 0.02199 0
CH 2140103 278 2.06 2.13 0 0 0.982408 0.017592 0
CH 2140640 230 1.79 1.79 0 0 0.52 0.48 4
MM 2140640 273 1.99 2.09 0 0.4 0.616 0.384 4
MM 2140681 227 1.79 1.79 0 0 0.5 0.5 4
MM 2140681 229 1.79 1.79 0 0 0.4 0.6 4
MM 2140681 230 1.79 1.79 0 0 0.32 0.68 4
MM 2141697 252 1.99 2.23 0 0 0.5 0.5 4
CH 2141697 265 1.99 2.09 0.1 0 0.4 0.6 4
CH 2142190 262 1.99 2.09 0 0 0.6 0.4 4
MM 2142232 275 1.99 2.13 0 0.54 0.6 0.4 0
MM 2142422 259 1.86 2.18 0 0 0.4 0.6 0
MM 2142422 261 1.86 2.13 0 0.24 0.32 0.68 0
MM 2142695 240 1.79 2.23 0 0 0.5 0.5 4
MM 2142695 244 1.86 2.09 0 0 0.4 0.6 1
MM 2142976 233 1.75 1.99 0 0.4 0.4 0.6 0
MM 2142976 256 1.99 2.29 0 0 0.32 0.68 3
MM 2142976 258 1.86 2.18 0 0 0.256 0.744 2
CH 2142976 264 1.86 2.13 0.37 0 0.2048 0.7952 0
CH 2142976 266 1.86 2.18 0 0 0.36384 0.63616 2
MM 2142976 267 1.86 1.99 0 0.2 0.491072 0.508928 1
MM 2142976 274 1.96 2.18 0 0.8 0.392858 0.607142 2
CH 2142976 274 1.86 2.13 0.47 0.54 0.314286 0.685714 0
MM 2143180 228 1.69 1.69 0 0 0.5 0.5 1
MM 2143180 237 1.75 1.99 0 0 0.4 0.6 2
CH 2143180 258 1.76 2.18 0 0 0.32 0.68 1
MM 2143495 228 1.69 1.69 0 0 0.256 0.744 2
MM 2143495 229 1.69 1.69 0 0 0.2048 0.7952 2
MM 2143495 236 1.75 1.99 0 0 0.16384 0.83616 2
MM 2143495 242 1.75 1.99 0.16 0.3 0.131072 0.868928 2
CH 2143495 254 1.89 2.09 0.13 0 0.104858 0.895142 2
CH 2143495 257 1.86 2.18 0 0 0.283886 0.716114 2
MM 2143495 260 1.86 2.18 0 0.7 0.427109 0.572891 2
CH 2143644 227 1.69 1.69 0 0 0.072993 0.927007 0
MM 2143644 227 1.69 1.69 0 0 0.258395 0.741605 2
MM 2143644 228 1.69 1.69 0 0 0.206716 0.793284 2
MM 2143644 229 1.69 1.69 0 0 0.165373 0.834627 2
MM 2143644 230 1.69 1.99 0 0 0.132298 0.867702 0
MM 2143644 233 1.69 1.69 0 0 0.105838 0.894162 2
CH 2143644 235 1.75 1.99 0 0.4 0.084671 0.915329 0
MM 2143644 236 1.75 1.99 0 0 0.267737 0.732263 2
MM 2143644 237 1.75 1.99 0 0 0.214189 0.785811 2
MM 2143644 237 1.75 1.99 0 0 0.171351 0.828649 2
CH 2143644 239 1.79 2.09 0 0 0.137081 0.862919 0
MM 2143644 240 1.86 2.09 0 0 0.309665 0.690335 0
MM 2143644 242 1.75 1.99 0.16 0.3 0.247732 0.752268 2
CH 2143644 257 1.86 2.18 0 0 0.198186 0.801814 0
MM 2143644 258 1.86 2.18 0 0 0.358548 0.641452 0
CH 2143644 264 1.86 2.13 0.37 0 0.286839 0.713161 0
MM 2143644 271 1.86 2.13 0 0 0.429471 0.570529 0
MM 2143644 272 1.99 2.09 0 0.4 0.343577 0.656423 3
MM 2143644 272 1.86 2.18 0 0.06 0.274861 0.725139 2
MM 2143644 274 1.86 2.13 0.47 0.54 0.219889 0.780111 0
MM 2143644 274 1.96 2.18 0 0.8 0.175911 0.824089 2
MM 2143644 275 1.99 2.13 0 0.54 0.140729 0.859271 0
MM 2143644 276 1.99 2.13 0 0.54 0.112583 0.887417 0
MM 2143768 227 1.69 1.69 0 0 0.433472 0.566528 1
MM 2143768 236 1.75 1.99 0 0 0.346778 0.653222 1
CH 2143768 243 1.86 1.99 0 0.8 0.277422 0.722578 1
MM 2143768 255 1.86 2.18 0 0 0.421938 0.578062 0
MM 2143768 261 1.86 2.13 0 0.24 0.33755 0.66245 0
MM 2144030 230 1.79 1.79 0 0 0.283886 0.716114 3
MM 2144030 234 1.75 1.99 0 0.4 0.227109 0.772891 0
MM 2144030 235 1.79 2.09 0 0 0.181687 0.818313 3
MM 2144030 238 1.79 2.09 0 0 0.14535 0.85465 3
MM 2144030 241 1.79 2.23 0 0 0.11628 0.88372 3
MM 2144030 244 1.86 2.09 0 0.2 0.093024 0.906976 0
MM 2144030 257 1.99 2.29 0 0.4 0.074419 0.925581 3
MM 2144030 258 1.86 2.18 0 0 0.059535 0.940465 2
MM 2144030 259 1.99 2.29 0 0 0.047628 0.952372 3
MM 2144030 260 1.99 2.09 0 0 0.038103 0.961897 3
MM 2144030 261 1.99 2.09 0 0 0.030482 0.969518 3
CH 2144865 232 1.69 1.69 0 0 0.4352 0.5648 2
CH 2144865 235 1.69 1.99 0 0 0.54816 0.45184 2
CH 2144956 242 1.99 2.23 0 0 0.416 0.584 3
CH 2144956 277 2.09 2.09 0.2 0.4 0.5328 0.4672 3
CH 2146605 262 1.99 2.09 0 0 0.104858 0.895142 4
CH 2146605 264 1.86 2.13 0.37 0 0.283886 0.716114 0
MM 2146605 265 1.86 2.13 0.37 0 0.427109 0.572891 0
MM 2146605 267 1.99 2.09 0.1 0 0.341687 0.658313 4
MM 2146605 270 1.99 2.09 0.1 0 0.27335 0.72665 4
MM 2146605 272 1.86 2.13 0 0 0.21868 0.78132 0
CH 2147157 234 1.75 1.99 0 0.4 0.5 0.5 0
MM 2147157 243 1.86 1.99 0 0.8 0.6 0.4 1
MM 2147157 257 1.99 2.29 0 0.4 0.48 0.52 4
MM 2147157 261 1.76 1.99 0 0 0.384 0.616 1
CH 2147157 265 1.76 1.99 0 0.1 0.3072 0.6928 1
MM 2147157 275 1.96 2.13 0 0.74 0.44576 0.55424 1
MM 2147173 243 1.86 1.99 0 0.8 0.6 0.4 1
CH 2147173 251 1.76 2.09 0 0 0.48 0.52 1
CH 2147173 256 1.76 2.18 0 0 0.584 0.416 1
CH 2147173 257 1.76 2.18 0 0 0.6672 0.3328 1
CH 2147173 258 1.76 2.18 0 0 0.73376 0.26624 1
CH 2147173 261 1.76 1.99 0 0 0.787008 0.212992 1
CH 2147173 266 1.86 1.99 0 0.1 0.829606 0.170394 1
MM 2147173 275 1.96 2.13 0 0.74 0.863685 0.136315 1
CH 2147207 233 1.75 1.99 0 0.4 0.524608 0.475392 0
CH 2147207 256 1.86 2.18 0 0 0.619686 0.380314 0
MM 2147207 260 1.99 2.09 0 0 0.695749 0.304251 3
MM 2147207 262 1.86 2.18 0 0.6 0.556599 0.443401 2
MM 2147207 263 1.86 2.18 0 0 0.445279 0.554721 2
CH 2147207 264 1.86 2.13 0.37 0 0.356224 0.643776 0
CH 2147207 267 1.86 2.18 0 0.4 0.484979 0.515021 2
CH 2147207 268 1.86 2.18 0 0 0.587983 0.412017 2
MM 2147207 271 1.99 2.09 0.1 0.4 0.670386 0.329614 3
CH 2147207 272 1.86 2.18 0 0.06 0.536309 0.463691 2
CH 2147207 274 1.86 2.13 0.47 0.54 0.629047 0.370953 0
MM 2147207 275 1.99 2.13 0 0.54 0.703238 0.296762 0
MM 2147207 275 1.96 2.18 0 0.8 0.56259 0.43741 2
MM 2147207 277 2.09 2.09 0.2 0.4 0.450072 0.549928 3
MM 2147553 246 1.89 2.09 0 0 0.48 0.52 2
CH 2147660 227 1.79 1.79 0 0 0.48 0.52 4
CH 2147660 228 1.69 1.69 0 0 0.584 0.416 0
CH 2147660 255 1.86 2.18 0 0 0.6672 0.3328 0
CH 2147660 265 1.86 2.13 0.37 0 0.73376 0.26624 0
CH 2147660 267 1.86 2.13 0 0 0.787008 0.212992 0
CH 2147660 269 1.86 2.13 0.27 0 0.829606 0.170394 0
CH 2147660 271 1.86 2.13 0 0 0.863685 0.136315 0
CH 2147660 272 1.86 2.13 0 0 0.890948 0.109052 0
CH 2147660 274 1.86 2.13 0.47 0.54 0.912758 0.087242 0
CH 2147819 274 1.86 2.13 0.47 0.54 0.5 0.5 0
MM 2147819 275 1.96 2.18 0 0.8 0.6 0.4 2
MM 2147819 276 1.99 2.13 0 0.54 0.48 0.52 0
CH 2147819 277 1.99 2.13 0.5 0 0.384 0.616 0
MM 2147884 246 1.86 2.09 0 0 0.256 0.744 0
CH 2148098 253 1.86 2.09 0.1 0 0.4 0.6 0
CH 2148098 266 1.86 2.13 0.37 0 0.52 0.48 0
CH 2148098 266 1.86 2.13 0.37 0 0.616 0.384 0
CH 2148098 267 1.86 2.13 0 0 0.6928 0.3072 0
CH 2148098 269 1.86 2.13 0.27 0 0.75424 0.24576 0
CH 2148098 274 1.86 2.13 0.47 0.54 0.803392 0.196608 0
CH 2148536 253 1.89 2.09 0.13 0 0.6 0.4 2
CH 2148536 255 1.89 2.18 0.13 0 0.68 0.32 2
CH 2149096 264 1.86 2.18 0 0 0.584 0.416 2
CH 2149252 235 1.79 2.09 0 0 0.5 0.5 3
CH 2149252 236 1.79 2.09 0 0 0.6 0.4 3
CH 2149252 237 1.75 1.99 0 0 0.68 0.32 2
CH 2149252 238 1.75 1.99 0 0 0.744 0.256 2
CH 2149252 239 1.79 2.23 0 0 0.7952 0.2048 3
CH 2149252 240 1.75 1.99 0 0.3 0.83616 0.16384 2
CH 2149252 241 1.79 2.23 0 0 0.868928 0.131072 3
CH 2149252 242 1.75 1.99 0.16 0.3 0.895142 0.104858 2
CH 2149252 245 1.99 2.23 0 0 0.916114 0.083886 3
CH 2149369 246 1.99 2.23 0 0 0.5 0.5 3
MM 2149369 267 1.99 2.09 0.1 0 0.6 0.4 3
MM 2149609 232 1.69 1.69 0 0 0.5 0.5 2
MM 2149609 262 1.86 2.18 0 0.6 0.4 0.6 2
MM 2149609 267 1.86 2.18 0 0.4 0.32 0.68 2
MM 2149609 274 1.96 2.18 0 0.8 0.256 0.744 2
MM 2149609 276 1.99 2.13 0 0.54 0.2048 0.7952 0
CH 2149724 229 1.79 1.79 0 0 0.4 0.6 3
CH 2149724 232 1.79 2.09 0 0 0.52 0.48 3
CH 2149724 235 1.79 2.09 0 0 0.616 0.384 3
CH 2149724 240 1.79 2.23 0 0 0.6928 0.3072 3
CH 2149724 244 1.99 2.23 0 0 0.75424 0.24576 3
CH 2149724 248 1.99 2.23 0 0 0.803392 0.196608 3
CH 2149724 249 1.99 2.23 0 0 0.842714 0.157286 3
CH 2149724 252 1.99 2.23 0 0 0.874171 0.125829 3
CH 2149724 255 1.99 2.29 0 0 0.899337 0.100663 3
CH 2149724 258 1.99 2.29 0 0 0.919469 0.080531 3
CH 2149724 260 1.99 2.09 0 0 0.935575 0.064425 3
CH 2149724 263 1.99 2.09 0 0 0.94846 0.05154 3
CH 2149724 266 1.99 2.09 0.1 0 0.958768 0.041232 3
CH 2149724 269 1.99 2.09 0.1 0 0.967015 0.032985 3
CH 2149724 271 1.99 2.09 0.1 0.4 0.973612 0.026388 3
CH 2149724 274 1.99 2.09 0 0.4 0.978889 0.021111 3
CH 2149724 276 2.09 2.09 0.2 0.4 0.983112 0.016888 3
CH 2149724 278 2.09 2.09 0.2 0 0.986489 0.013511 3
CH 2150177 231 1.69 1.69 0.3 0 0.5 0.5 2
CH 2150177 257 1.86 2.18 0 0 0.6 0.4 2
CH 2150177 259 1.86 2.18 0 0.4 0.68 0.32 2
MM 2150177 275 1.96 2.18 0 0.8 0.744 0.256 2
MM 2150185 241 1.86 1.99 0 0.3 0.5 0.5 1
MM 2150185 277 1.99 2.13 0.5 0 0.4 0.6 0
MM 2150425 262 1.76 1.99 0 0.4 0.5 0.5 1
MM 2150425 263 1.76 1.99 0 0.4 0.4 0.6 1
CH 2150797 242 1.99 2.23 0 0 0.6 0.4 3
CH 2150797 247 1.89 2.09 0 0 0.68 0.32 2
CH 2150797 250 1.89 2.09 0 0 0.744 0.256 2
CH 2151951 236 1.75 1.99 0 0.4 0.6 0.4 0
MM 2151951 236 1.75 1.99 0 0 0.68 0.32 2
CH 2151951 237 1.75 1.99 0 0.4 0.544 0.456 0
CH 2151951 238 1.79 2.09 0 0 0.6352 0.3648 4
CH 2151951 239 1.75 1.99 0 0.3 0.70816 0.29184 2
CH 2151951 254 1.86 2.18 0 0 0.766528 0.233472 0
CH 2151951 263 1.86 2.13 0.27 0 0.813222 0.186778 0
CH 2151951 264 1.86 2.13 0.37 0 0.850578 0.149422 0
CH 2151951 266 1.99 2.09 0.1 0 0.880462 0.119538 4
CH 2152264 259 1.86 2.18 0 0 0.32 0.68 0
MM 2152397 274 1.86 2.13 0.47 0.54 0.5 0.5 0
CH 2152397 274 1.86 2.13 0.47 0.54 0.4 0.6 0
CH 2152470 259 1.86 2.18 0 0 0.5 0.5 0
CH 2152470 274 1.86 2.13 0.47 0.54 0.6 0.4 0
MM 2152736 228 1.79 1.79 0 0 0.26624 0.73376 3
MM 2152736 231 1.69 1.69 0.3 0 0.212992 0.787008 2
MM 2152736 232 1.69 1.69 0 0 0.170394 0.829606 2
MM 2152736 234 1.69 1.99 0 0 0.136315 0.863685 2
MM 2152736 235 1.69 1.99 0 0 0.109052 0.890948 2
MM 2152736 236 1.75 1.99 0 0 0.087242 0.912758 2
MM 2152736 236 1.75 1.99 0 0.4 0.069793 0.930207 0
MM 2152736 238 1.75 1.99 0 0 0.055835 0.944165 2
MM 2152736 239 1.75 1.99 0 0.3 0.044668 0.955332 2
CH 2152736 241 1.86 1.99 0 0.3 0.035734 0.964266 1
MM 2152736 245 1.89 2.09 0 0 0.228587 0.771413 2
CH 2152736 251 1.89 2.09 0.13 0 0.18287 0.81713 2
CH 2152736 258 1.86 2.18 0 0 0.346296 0.653704 0
MM 2152736 275 1.96 2.13 0 0.74 0.477037 0.522963 1
MM 2152736 276 1.99 2.13 0 0 0.381629 0.618371 1
CH 2152751 233 1.75 1.99 0 0.4 0.5 0.5 0
CH 2152751 270 1.86 2.13 0.27 0 0.6 0.4 0
MM 2152793 245 1.89 2.09 0 0 0.5 0.5 2
CH 2152793 278 2.06 2.13 0 0 0.4 0.6 0
CH 2153874 230 1.79 1.79 0 0 0.6672 0.3328 4
CH 2154153 253 1.76 2.09 0 0 0.5 0.5 1
CH 2154153 266 1.86 2.13 0.37 0 0.6 0.4 0
MM 2154229 227 1.79 1.79 0 0 0.4 0.6 4
MM 2154336 233 1.75 1.99 0 0.4 0.4 0.6 0
CH 2154336 277 1.99 2.13 0.5 0 0.32 0.68 0
MM 2154989 247 1.86 2.09 0 0 0.5 0.5 1
MM 2154989 253 1.76 2.09 0 0 0.4 0.6 1
MM 2155028 236 1.79 2.09 0 0 0.077677 0.922323 3
CH 2155028 237 1.79 2.09 0 0 0.062142 0.937858 3
MM 2155028 240 1.79 2.23 0 0 0.249713 0.750287 3
CH 2155028 255 1.99 2.29 0 0 0.199771 0.800229 3
MM 2155028 256 1.99 2.29 0 0 0.359817 0.640183 3
CH 2155028 270 1.99 2.09 0.1 0 0.287853 0.712147 3
CH 2155655 230 1.69 1.99 0 0 0.6 0.4 0
CH 2156307 250 1.86 2.09 0 0 0.5 0.5 0
CH 2156307 272 1.86 2.13 0 0 0.6 0.4 0
CH 2156455 254 1.86 2.18 0 0 0.5 0.5 0
CH 2156455 255 1.86 2.18 0 0 0.6 0.4 0
CH 2156455 258 1.86 2.18 0 0 0.68 0.32 0
CH 2156455 260 1.86 2.13 0 0.24 0.744 0.256 0
CH 2156455 263 1.86 2.13 0.27 0 0.7952 0.2048 0
CH 2156455 264 1.86 2.13 0.37 0 0.83616 0.16384 0
CH 2156455 265 1.86 2.13 0.37 0 0.868928 0.131072 0
CH 2156455 272 1.86 2.13 0 0 0.895142 0.104858 0
CH 2156604 231 1.69 1.69 0.3 0.2 0.5 0.5 1
MM 2156604 234 1.75 1.99 0 0.4 0.6 0.4 0
CH 2156604 251 1.86 2.09 0.1 0 0.48 0.52 0
CH 2156604 253 1.86 2.09 0.1 0 0.584 0.416 0
CH 2156604 254 1.86 2.18 0 0 0.6672 0.3328 0
CH 2156604 254 1.86 2.18 0 0 0.73376 0.26624 0
CH 2156604 255 1.86 2.18 0 0 0.787008 0.212992 0
CH 2156604 256 1.86 2.18 0 0 0.829606 0.170394 0
CH 2156604 257 1.86 2.18 0 0 0.863685 0.136315 0
CH 2156604 258 1.86 2.18 0 0 0.890948 0.109052 0
CH 2156604 259 1.86 2.18 0 0 0.912758 0.087242 0
CH 2156604 259 1.86 2.18 0 0 0.930207 0.069793 0
CH 2156604 260 1.86 2.13 0 0.24 0.944165 0.055835 0
CH 2156604 260 1.86 2.13 0 0.24 0.955332 0.044668 0
CH 2156604 261 1.86 2.13 0 0.24 0.964266 0.035734 0
CH 2156604 262 1.86 2.13 0 0 0.971413 0.028587 0
CH 2156604 262 1.86 2.13 0 0 0.97713 0.02287 0
CH 2156604 264 1.86 2.13 0.37 0 0.981704 0.018296 0
CH 2156604 265 1.86 2.13 0.37 0 0.985363 0.014637 0
CH 2156604 266 1.86 1.99 0 0.1 0.988291 0.011709 1
CH 2156604 267 1.86 2.13 0 0 0.990633 0.009367 0
CH 2156604 269 1.86 2.13 0.27 0 0.992506 0.007494 0
CH 2156604 277 1.99 2.13 0.5 0 0.994005 0.005995 0
MM 2156729 251 1.86 2.09 0.1 0 0.6 0.4 0
CH 2156794 233 1.75 1.99 0 0.4 0.2048 0.7952 0
CH 2156794 259 1.86 2.18 0 0 0.36384 0.63616 0
CH 2156794 259 1.86 2.18 0 0 0.491072 0.508928 0
CH 2156794 260 1.86 2.13 0 0.24 0.592858 0.407142 0
CH 2156794 262 1.86 2.13 0 0 0.674286 0.325714 0
CH 2156794 262 1.86 2.13 0 0 0.739429 0.260571 0
CH 2156794 264 1.76 1.99 0 0.4 0.791543 0.208457 1
CH 2156794 265 1.76 1.99 0 0.1 0.833234 0.166766 1
CH 2156794 267 1.86 2.13 0 0 0.866588 0.133412 0
CH 2156794 269 1.86 2.13 0.27 0 0.89327 0.10673 0
CH 2156794 270 1.86 2.18 0 0 0.914616 0.085384 1
CH 2156794 271 1.86 2.18 0 0 0.931693 0.068307 1
CH 2156794 272 1.86 2.18 0 0 0.945354 0.054646 1
CH 2156794 272 1.86 2.18 0 0 0.956283 0.043717 1
CH 2156794 273 1.86 2.13 0 0.54 0.965027 0.034973 0
CH 2156794 274 1.86 2.13 0.47 0.54 0.972021 0.027979 0
MM 2157016 242 1.75 1.99 0.16 0.3 0.4 0.6 2
CH 2157016 256 1.89 2.18 0.13 0 0.32 0.68 2
MM 2157016 260 1.86 2.18 0 0.7 0.456 0.544 2
CH 2157230 246 1.99 2.23 0 0 0.5 0.5 3
CH 2157230 274 1.86 2.13 0.47 0.54 0.6 0.4 0
MM 2157438 242 1.86 1.99 0 0.3 0.3072 0.6928 1
CH 2157677 239 1.79 2.23 0 0 0.813222 0.186778 3
CH 2157677 241 1.79 2.23 0 0 0.850578 0.149422 3
CH 2157677 244 1.99 2.23 0 0 0.880462 0.119538 3
CH 2157677 268 1.99 2.09 0.1 0 0.90437 0.09563 3
CH 2159251 237 1.79 2.09 0 0 0.540992 0.459008 3
MM 2159830 248 1.99 2.23 0 0 0.5 0.5 3
MM 2159830 262 1.86 2.18 0 0.6 0.4 0.6 2
CH 2160028 233 1.79 2.09 0 0 0.5072 0.4928 3
MM 2160028 236 1.75 1.99 0 0 0.60576 0.39424 2
CH 2160028 237 1.75 1.99 0 0 0.484608 0.515392 2
CH 2160028 238 1.75 1.99 0 0 0.587686 0.412314 2
CH 2160028 239 1.79 2.23 0 0 0.670149 0.329851 3
CH 2160028 240 1.75 1.99 0 0.3 0.736119 0.263881 2
CH 2160028 241 1.79 2.23 0 0 0.788895 0.211105 3
CH 2160028 247 1.99 2.23 0 0 0.831116 0.168884 3
CH 2160028 248 1.99 2.23 0 0 0.864893 0.135107 3
CH 2160028 249 1.89 2.09 0 0 0.891914 0.108086 2
CH 2160028 251 1.89 2.09 0.13 0 0.913532 0.086468 2
CH 2160028 254 1.89 2.09 0.13 0 0.930825 0.069175 2
CH 2160028 260 1.86 2.18 0 0.7 0.94466 0.05534 2
CH 2160028 261 1.86 2.18 0 0 0.955728 0.044272 2
CH 2160028 262 1.99 2.09 0 0 0.964583 0.035417 3
CH 2160028 266 1.86 2.18 0 0 0.971666 0.028334 2
CH 2160028 269 1.86 2.18 0 0 0.977333 0.022667 2
CH 2160028 270 1.86 2.18 0 0 0.981866 0.018134 2
MM 2160028 271 1.86 2.18 0 0.06 0.985493 0.014507 2
CH 2160028 271 1.86 2.18 0 0.06 0.788394 0.211606 2
CH 2160598 253 1.76 2.09 0 0 0.6 0.4 1
CH 2160598 266 1.86 2.13 0.37 0 0.68 0.32 0
CH 2160606 265 1.86 2.13 0.37 0 0.4 0.6 0
CH 2160606 267 1.86 2.13 0 0 0.52 0.48 0
MM 2161406 228 1.69 1.69 0 0 0.5 0.5 2
MM 2161406 243 1.86 1.99 0 0.8 0.4 0.6 1
MM 2163147 256 1.89 2.18 0.13 0 0.4 0.6 2
MM 2163147 259 1.86 2.18 0 0.4 0.32 0.68 2
MM 2163147 261 1.86 2.18 0 0 0.256 0.744 2
CH 2163972 254 1.99 2.29 0 0 0.5 0.5 4
CH 2163972 260 1.76 1.99 0 0.2 0.6 0.4 1
CH 2163972 266 1.86 1.99 0 0.1 0.68 0.32 1
MM 2163972 267 1.86 1.99 0 0.2 0.744 0.256 1
MM 2163972 268 1.86 1.99 0 0.2 0.5952 0.4048 1
CH 2163972 270 1.86 2.18 0 0 0.47616 0.52384 1
CH 2163972 273 1.86 2.18 0 0 0.580928 0.419072 1
CH 2163972 274 1.96 2.13 0 0.74 0.664742 0.335258 1
MM 2163972 274 1.96 2.13 0 0.74 0.731794 0.268206 1
CH 2163972 277 1.99 2.13 0.24 0 0.585435 0.414565 1
MM 2165316 235 1.75 1.99 0 0.4 0.4 0.6 0
MM 2165316 240 1.86 2.09 0 0 0.32 0.68 0
MM 2165316 242 1.99 2.23 0 0 0.256 0.744 3
MM 2165316 243 1.86 2.09 0 0.2 0.2048 0.7952 0
MM 2165316 254 1.86 2.18 0 0 0.16384 0.83616 0
MM 2165316 256 1.86 2.18 0 0 0.131072 0.868928 0
MM 2165316 259 1.86 2.18 0 0 0.104858 0.895142 0
MM 2165316 260 1.86 2.13 0 0.24 0.083886 0.916114 0
MM 2165316 278 2.06 2.13 0 0 0.067109 0.932891 0
MM 2165985 227 1.79 1.79 0 0 0.053687 0.946313 3
MM 2165985 228 1.79 1.79 0 0 0.04295 0.95705 3
MM 2165985 229 1.79 1.79 0 0 0.03436 0.96564 3
MM 2165985 230 1.79 1.79 0 0 0.027488 0.972512 3
MM 2165985 231 1.79 1.79 0 0 0.02199 0.97801 3
MM 2165985 232 1.79 2.09 0 0 0.017592 0.982408 3
MM 2165985 233 1.79 2.09 0 0 0.014074 0.985926 3
MM 2165985 234 1.79 2.09 0 0 0.011259 0.988741 3
MM 2165985 235 1.79 2.09 0 0 0.009007 0.990993 3
MM 2165985 236 1.79 2.09 0 0 0.007206 0.992794 3
MM 2165985 241 1.79 2.23 0 0 0.005765 0.994235 3
MM 2165985 245 1.99 2.23 0 0 0.004612 0.995388 3
MM 2165985 247 1.99 2.23 0 0 0.003689 0.996311 3
MM 2165985 248 1.99 2.23 0 0 0.002951 0.997049 3
MM 2165985 249 1.99 2.23 0 0 0.002361 0.997639 3
MM 2165985 250 1.99 2.23 0 0 0.001889 0.998111 3
MM 2165985 254 1.99 2.29 0 0 0.001511 0.998489 3
MM 2165985 255 1.99 2.29 0 0 0.001209 0.998791 3
MM 2165985 256 1.99 2.29 0 0 0.000967 0.999033 3
MM 2165985 257 1.99 2.29 0 0.4 0.000774 0.999226 3
MM 2165985 259 1.99 2.29 0 0 0.000619 0.999381 3
MM 2165985 259 1.99 2.29 0 0 0.000495 0.999505 3
MM 2165985 260 1.99 2.09 0 0 0.000396 0.999604 3
MM 2165985 263 1.99 2.09 0 0 0.000317 0.999683 3
MM 2165985 264 1.99 2.09 0.1 0 0.000254 0.999746 3
MM 2165985 265 1.99 2.09 0.1 0 0.000203 0.999797 3
MM 2165985 266 1.99 2.09 0.1 0 0.000162 0.999838 3
MM 2165985 267 1.99 2.09 0.1 0 0.00013 0.99987 3
MM 2165985 267 1.99 2.09 0.1 0 0.000104 0.999896 3
MM 2165985 268 1.99 2.09 0.1 0 8.3e-05 0.999917 3
MM 2165985 269 1.99 2.09 0.1 0 6.6e-05 0.999934 3
MM 2165985 269 1.99 2.09 0.1 0 5.3e-05 0.999947 3
MM 2165985 270 1.99 2.09 0.1 0 4.3e-05 0.999957 3
MM 2165985 271 1.99 2.09 0.1 0.4 3.4e-05 0.999966 3
MM 2165985 272 1.99 2.09 0 0.4 2.7e-05 0.999973 3
MM 2165985 273 1.99 2.09 0 0.4 2.2e-05 0.999978 3
MM 2165985 274 1.99 2.09 0 0.4 1.7e-05 0.999983 3
MM 2165985 275 2.09 2.09 0 0.4 1.4e-05 0.999986 3
MM 2165985 276 2.09 2.09 0.2 0.4 1.1e-05 0.999989 3
CH 2166553 269 1.86 2.13 0.27 0 0.5 0.5 0
CH 2166553 270 1.86 2.13 0.27 0 0.6 0.4 0
CH 2166553 275 1.96 2.13 0 0.74 0.68 0.32 1
MM 2166751 274 1.99 2.09 0 0.4 0.5 0.5 4
MM 2166751 275 2.09 2.09 0 0.4 0.4 0.6 4
MM 2166751 276 2.09 2.09 0.2 0.4 0.32 0.68 4
MM 2167916 230 1.69 1.69 0 0.2 0.3072 0.6928 1
MM 2167916 242 1.86 1.99 0 0.3 0.24576 0.75424 1
CH 2167916 250 1.86 2.09 0 0 0.196608 0.803392 0
MM 2167932 229 1.79 1.79 0 0 0.48 0.52 3
MM 2167932 246 1.99 2.23 0 0 0.384 0.616 3
MM 2167932 252 1.99 2.23 0 0 0.3072 0.6928 3
CH 2167932 253 1.99 2.23 0 0 0.24576 0.75424 3
CH 2167932 256 1.99 2.29 0 0 0.396608 0.603392 3
CH 2167932 259 1.99 2.29 0 0 0.517286 0.482714 3
CH 2167932 259 1.99 2.29 0 0 0.613829 0.386171 3
CH 2167932 271 1.99 2.09 0.1 0.4 0.691063 0.308937 3
MM 2167932 275 2.09 2.09 0 0.4 0.752851 0.247149 3
CH 2168146 233 1.75 1.99 0 0.4 0.5 0.5 0
MM 2168146 262 1.76 1.99 0 0.4 0.6 0.4 1
MM 2168724 234 1.79 2.09 0 0 0.256 0.744 3
MM 2168724 238 1.75 1.99 0 0.4 0.2048 0.7952 0
CH 2170019 228 1.69 1.69 0 0 0.6 0.4 2
CH 2170019 229 1.69 1.69 0 0.2 0.68 0.32 0
CH 2170126 232 1.79 2.09 0 0 0.4 0.6 4
MM 2170126 232 1.69 1.99 0 0 0.52 0.48 1
CH 2170126 266 1.86 1.99 0 0.1 0.416 0.584 1
MM 2170514 241 1.86 1.99 0 0.3 0.3648 0.6352 1
CH 2170514 248 1.89 2.09 0 0 0.29184 0.70816 2
CH 2170514 273 1.86 2.18 0 0 0.433472 0.566528 1
MM 2170654 256 1.89 2.18 0.13 0 0.5 0.5 2
MM 2170654 259 1.86 2.18 0 0.4 0.4 0.6 2
MM 2170944 237 1.75 1.99 0 0 0.5648 0.4352 2
CH 2170944 242 1.99 2.23 0 0 0.45184 0.54816 3
CH 2170944 278 2.09 2.09 0.2 0 0.561472 0.438528 3
CH 2171090 250 1.89 2.09 0 0 0.6 0.4 2
CH 2171090 253 1.89 2.09 0.13 0 0.68 0.32 2
CH 2171090 256 1.89 2.18 0.13 0 0.744 0.256 2
CH 2171090 260 1.86 2.18 0 0.7 0.7952 0.2048 2
CH 2171090 261 1.86 2.18 0 0 0.83616 0.16384 2
CH 2171090 263 1.86 2.13 0.27 0 0.868928 0.131072 0
MM 2171124 278 2.06 2.13 0 0 0.6 0.4 0
MM 2171132 228 1.69 1.69 0 0 0.5 0.5 2
MM 2171132 229 1.69 1.69 0 0 0.4 0.6 2
MM 2171132 235 1.69 1.99 0 0 0.32 0.68 2
MM 2171132 244 1.86 2.09 0 0 0.256 0.744 2
MM 2171132 245 1.89 2.09 0 0 0.2048 0.7952 2
MM 2171132 248 1.89 2.09 0 0 0.16384 0.83616 2
CH 2171652 232 1.69 1.99 0 0.4 0.6 0.4 0
MM 2171652 267 1.86 2.18 0 0.4 0.68 0.32 2
MM 2171827 260 1.76 1.99 0 0.2 0.6 0.4 1
CH 2172007 276 1.99 2.18 0 0 0.5 0.5 2
CH 2172007 278 1.99 2.18 0 0 0.6 0.4 2
CH 2172080 232 1.69 1.99 0 0 0.586313 0.413687 1
CH 2172080 247 1.86 2.09 0 0 0.66905 0.33095 1
CH 2172080 250 1.86 2.09 0 0 0.73524 0.26476 1
MM 2172452 230 1.79 1.79 0 0 0.131072 0.868928 3
MM 2172452 232 1.79 2.09 0 0 0.104858 0.895142 3
MM 2172452 233 1.79 2.09 0 0 0.083886 0.916114 3
MM 2172452 234 1.79 2.09 0 0 0.067109 0.932891 3
CH 2172452 273 1.99 2.09 0 0.4 0.053687 0.946313 3
CH 2172684 274 1.86 2.13 0.47 0.54 0.5 0.5 0
MM 2172684 275 1.96 2.18 0 0.8 0.6 0.4 2
MM 2172726 241 1.79 2.23 0 0 0.5 0.5 3
CH 2172726 259 1.86 2.18 0 0.4 0.4 0.6 2
MM 2172841 237 1.75 1.99 0 0 0.104858 0.895142 1
MM 2172841 257 1.76 2.18 0 0 0.083886 0.916114 1
MM 2172841 259 1.76 1.99 0 0.2 0.067109 0.932891 1
MM 2172841 262 1.76 1.99 0 0.4 0.053687 0.946313 1
MM 2172841 263 1.76 1.99 0 0.4 0.04295 0.95705 1
MM 2172841 274 1.96 2.13 0 0.74 0.03436 0.96564 1
MM 2173005 244 1.86 2.09 0 0.2 0.52 0.48 0
MM 2173005 276 1.99 2.13 0 0.54 0.416 0.584 0
MM 2173005 277 1.99 2.13 0.5 0 0.3328 0.6672 0
CH 2173427 237 1.79 2.09 0 0 0.5 0.5 3
CH 2173427 241 1.79 2.23 0 0 0.6 0.4 3
CH 2173906 256 1.86 2.18 0 0 0.5 0.5 0
CH 2173906 258 1.76 2.18 0 0 0.6 0.4 1
CH 2173906 259 1.86 2.18 0 0 0.68 0.32 0
CH 2173906 259 1.86 2.18 0 0 0.744 0.256 0
CH 2173906 262 1.86 2.13 0 0 0.7952 0.2048 0
CH 2173906 264 1.86 2.13 0.37 0 0.83616 0.16384 0
CH 2173906 265 1.86 2.13 0.37 0 0.868928 0.131072 0
CH 2173906 265 1.86 2.13 0.37 0 0.895142 0.104858 0
CH 2173906 266 1.86 2.13 0.37 0 0.916114 0.083886 0
CH 2173906 267 1.86 2.13 0 0 0.932891 0.067109 0
CH 2173906 268 1.86 2.13 0 0 0.946313 0.053687 0
CH 2173906 269 1.86 2.13 0.27 0 0.95705 0.04295 0
CH 2173906 269 1.86 2.18 0 0 0.96564 0.03436 1
CH 2173906 270 1.86 2.13 0.27 0 0.972512 0.027488 0
CH 2173906 271 1.86 2.13 0 0 0.97801 0.02199 0
CH 2173906 273 1.86 2.13 0 0.54 0.982408 0.017592 0
CH 2173906 274 1.86 2.13 0.47 0.54 0.985926 0.014074 0
CH 2173906 277 1.99 2.13 0.5 0 0.988741 0.011259 0
CH 2173989 228 1.79 1.79 0 0 0.740314 0.259686 4
CH 2173989 229 1.79 1.79 0 0 0.792251 0.207749 4
CH 2173989 231 1.79 1.79 0 0 0.833801 0.166199 4
CH 2173989 232 1.79 2.09 0 0 0.867041 0.132959 4
CH 2173989 240 1.79 2.23 0 0 0.893632 0.106368 4
CH 2173989 244 1.99 2.23 0 0 0.914906 0.085094 4
CH 2173989 248 1.86 2.09 0 0 0.931925 0.068075 1
CH 2173989 251 1.99 2.23 0 0 0.94554 0.05446 4
CH 2173989 270 1.99 2.09 0.1 0 0.956432 0.043568 4
CH 2173989 274 1.99 2.09 0 0.4 0.965145 0.034855 4
MM 2174292 228 1.69 1.69 0 0 0.32 0.68 2
MM 2174292 237 1.79 2.09 0 0 0.256 0.744 3
MM 2174292 241 1.79 2.23 0 0 0.2048 0.7952 3
MM 2174292 252 1.99 2.23 0 0 0.16384 0.83616 3
MM 2174854 231 1.79 1.79 0 0 0.6 0.4 4
CH 2174854 251 1.99 2.23 0 0 0.48 0.52 4
MM 2175224 243 1.86 1.99 0 0.8 0.32 0.68 1
MM 2175224 262 1.86 2.18 0 0.6 0.256 0.744 2
MM 2175224 268 1.86 1.99 0 0.2 0.2048 0.7952 1
CH 2175224 268 1.86 2.18 0 0 0.16384 0.83616 2
MM 2175224 270 1.86 2.18 0 0 0.331072 0.668928 2
CH 2175224 273 1.86 2.18 0 0.06 0.264858 0.735142 2
MM 2175224 274 1.86 2.13 0.47 0.54 0.411886 0.588114 0
MM 2175224 274 1.96 2.18 0 0.8 0.329509 0.670491 2
MM 2175224 274 1.96 2.18 0 0.8 0.263607 0.736393 2
MM 2175224 275 1.96 2.18 0 0.8 0.210886 0.789114 2
MM 2175224 275 1.96 2.18 0 0.8 0.168709 0.831291 2
MM 2175752 234 1.75 1.99 0 0.4 0.5 0.5 0
CH 2175752 269 1.86 2.13 0.27 0 0.4 0.6 0
CH 2175901 232 1.69 1.99 0 0 0.7952 0.2048 1
CH 2175901 232 1.69 1.99 0 0 0.83616 0.16384 1
CH 2175901 234 1.69 1.99 0 0 0.868928 0.131072 1
CH 2175901 237 1.75 1.99 0 0 0.895142 0.104858 1
CH 2175901 240 1.86 2.09 0 0 0.916114 0.083886 0
CH 2175901 242 1.86 1.99 0 0.3 0.932891 0.067109 1
CH 2175901 246 1.86 2.09 0 0 0.946313 0.053687 1
CH 2175901 251 1.86 2.09 0.1 0 0.95705 0.04295 0
CH 2175901 253 1.86 2.09 0.1 0 0.96564 0.03436 0
CH 2175901 259 1.76 1.99 0 0.2 0.972512 0.027488 1
CH 2175901 274 1.86 2.13 0.47 0.54 0.97801 0.02199 0
MM 2176768 234 1.75 1.99 0 0.4 0.5 0.5 0
CH 2176768 256 1.86 2.18 0 0 0.4 0.6 0
CH 2177691 228 1.69 1.69 0 0 0.351365 0.648635 0
MM 2177691 231 1.69 1.99 0 0 0.481092 0.518908 0
CH 2177691 233 1.75 1.99 0 0.4 0.384874 0.615126 0
CH 2177691 236 1.75 1.99 0 0.4 0.507899 0.492101 0
MM 2177691 260 1.99 2.09 0 0 0.606319 0.393681 4
CH 2177691 268 1.86 2.13 0 0 0.485055 0.514945 0
CH 2177691 269 1.86 2.13 0.27 0 0.588044 0.411956 0
CH 2177691 274 1.86 2.13 0.47 0.54 0.670435 0.329565 0
MM 2177691 275 1.99 2.13 0 0.54 0.736348 0.263652 0
MM 2177691 276 1.99 2.13 0 0.54 0.589079 0.410921 0
CH 2178236 248 1.99 2.23 0 0 0.5 0.5 4
CH 2178236 251 1.99 2.23 0 0 0.6 0.4 4
CH 2178236 254 1.99 2.29 0 0 0.68 0.32 4
CH 2178236 256 1.99 2.29 0 0 0.744 0.256 4
MM 2178236 258 1.99 2.29 0 0 0.7952 0.2048 4
CH 2178236 260 1.99 2.09 0 0 0.63616 0.36384 4
CH 2178236 262 1.99 2.09 0 0 0.708928 0.291072 4
CH 2178236 264 1.99 2.09 0.1 0 0.767142 0.232858 4
CH 2178236 267 1.99 2.09 0.1 0 0.813714 0.186286 4
CH 2178236 277 2.09 2.09 0.2 0.4 0.850971 0.149029 4
MM 2178350 236 1.75 1.99 0 0.4 0.4 0.6 0
CH 2178400 233 1.75 1.99 0 0.4 0.6 0.4 0
MM 2178400 262 1.76 1.99 0 0.4 0.68 0.32 1
CH 2178400 265 1.86 2.13 0.37 0 0.544 0.456 0
CH 2178400 269 1.86 2.13 0.27 0 0.6352 0.3648 0
CH 2178400 273 1.86 2.18 0 0 0.70816 0.29184 1
CH 2178400 274 1.86 2.13 0.47 0.54 0.766528 0.233472 0
CH 2178491 252 1.86 2.09 0.1 0 0.5 0.5 0
CH 2178491 253 1.86 2.09 0.1 0 0.6 0.4 0
CH 2178491 254 1.86 2.18 0 0 0.68 0.32 0
CH 2178491 256 1.86 2.18 0 0 0.744 0.256 0
CH 2178491 257 1.86 2.18 0 0 0.7952 0.2048 0
CH 2178491 258 1.86 2.18 0 0 0.83616 0.16384 0
CH 2178491 259 1.86 2.18 0 0 0.868928 0.131072 0
CH 2178491 260 1.86 2.13 0 0.24 0.895142 0.104858 0
CH 2178491 262 1.86 2.13 0 0 0.916114 0.083886 0
CH 2178491 265 1.86 2.13 0.37 0 0.932891 0.067109 0
CH 2178491 266 1.86 2.13 0.37 0 0.946313 0.053687 0
CH 2178491 269 1.86 2.13 0.27 0 0.95705 0.04295 0
CH 2178491 274 1.86 2.13 0.47 0.54 0.96564 0.03436 0
MM 2178491 275 1.99 2.13 0 0.54 0.972512 0.027488 0
CH 2178491 277 1.99 2.13 0.5 0 0.77801 0.22199 0
MM 2178749 231 1.69 1.99 0 0 0.256 0.744 0
MM 2178749 233 1.75 1.99 0 0.4 0.2048 0.7952 0
CH 2178749 238 1.75 1.99 0 0 0.16384 0.83616 1
CH 2178749 247 1.86 2.09 0 0 0.331072 0.668928 1
CH 2178749 273 1.86 2.18 0 0 0.464858 0.535142 1
MM 2178749 275 1.96 2.13 0 0.74 0.571886 0.428114 1
MM 2178806 276 1.99 2.18 0 0 0.32 0.68 2
CH 2178855 236 1.75 1.99 0 0 0.5 0.5 2
MM 2178855 273 1.86 2.18 0 0.06 0.6 0.4 2
MM 2179242 247 1.89 2.09 0 0 0.68 0.32 2
MM 2179465 246 1.89 2.09 0 0 0.5 0.5 2
CH 2179465 246 1.89 2.09 0 0 0.4 0.6 2
MM 2179465 266 1.99 2.09 0.1 0 0.52 0.48 3
MM 2179465 277 1.99 2.13 0.24 0 0.416 0.584 1
CH 2179978 268 1.86 2.18 0 0 0.4 0.6 2
CH 2179978 269 1.86 2.13 0.27 0 0.52 0.48 0
CH 2179978 269 1.86 2.18 0 0 0.616 0.384 2
MM 2179978 272 1.86 2.18 0 0.06 0.6928 0.3072 2
MM 2179978 275 1.99 2.13 0 0.54 0.55424 0.44576 0
MM 2179978 276 1.99 2.13 0 0.54 0.443392 0.556608 0
MM 2252536 231 1.79 1.79 0 0 0.4 0.6 3
MM 2252536 231 1.79 1.79 0 0 0.32 0.68 3
MM 2252536 231 1.79 1.79 0 0 0.256 0.744 3
MM 2252536 234 1.79 2.09 0 0 0.2048 0.7952 3
MM 2252536 236 1.79 2.09 0 0 0.16384 0.83616 3
CH 2252536 242 1.99 2.23 0 0 0.131072 0.868928 3
CH 2252551 227 1.79 1.79 0 0 0.5 0.5 4
CH 2252551 251 1.99 2.23 0 0 0.6 0.4 4
CH 2252619 272 1.99 2.09 0 0.4 0.6 0.4 3
MM 2253096 227 1.69 1.69 0 0 0.211886 0.788114 2
MM 2253096 229 1.69 1.69 0 0 0.169509 0.830491 2
MM 2253096 231 1.69 1.69 0.3 0 0.135607 0.864393 2
MM 2253096 233 1.69 1.69 0 0 0.108486 0.891514 2
MM 2253096 237 1.75 1.99 0 0 0.086789 0.913211 2
MM 2253096 249 1.89 2.09 0 0 0.069431 0.930569 2
MM 2253096 250 1.89 2.09 0 0 0.055545 0.944455 2
MM 2253096 251 1.89 2.09 0.13 0 0.044436 0.955564 2
MM 2253096 255 1.89 2.18 0.13 0 0.035549 0.964451 2
MM 2253096 256 1.99 2.29 0 0 0.028439 0.971561 3
MM 2253096 256 1.89 2.18 0.13 0 0.022751 0.977249 2
MM 2253096 258 1.86 2.18 0 0 0.018201 0.981799 2
MM 2253096 259 1.86 2.18 0 0 0.014561 0.985439 0
MM 2253096 260 1.99 2.09 0 0 0.011649 0.988351 3
MM 2253096 262 1.86 2.18 0 0.6 0.009319 0.990681 2
MM 2253096 263 1.86 2.18 0 0 0.007455 0.992545 2
MM 2253096 265 1.86 2.18 0 0 0.005964 0.994036 2
MM 2253096 266 1.86 2.18 0 0 0.004771 0.995229 2
MM 2253096 267 1.86 2.18 0 0.4 0.003817 0.996183 2
MM 2253096 268 1.99 2.09 0.1 0 0.003054 0.996946 3
CH 2253096 269 1.86 2.18 0 0 0.002443 0.997557 2
CH 2253096 270 1.86 2.18 0 0 0.201954 0.798046 2
MM 2253096 271 1.99 2.09 0.1 0.4 0.361563 0.638437 3
MM 2253096 273 1.99 2.09 0 0.4 0.289251 0.710749 3
MM 2253096 275 1.96 2.18 0 0.8 0.231401 0.768599 2
MM 2253096 276 1.99 2.18 0 0 0.18512 0.81488 2
MM 2253096 277 1.99 2.18 0 0 0.148096 0.851904 2
MM 2253625 232 1.69 1.99 0 0 0.48 0.52 1
CH 2253807 227 1.69 1.69 0 0 0.6 0.4 1
MM 2253807 229 1.69 1.69 0 0 0.68 0.32 1
MM 2253807 230 1.69 1.69 0 0.2 0.544 0.456 1
CH 2253807 233 1.69 1.99 0 0 0.4352 0.5648 1
MM 2253807 236 1.75 1.99 0 0 0.54816 0.45184 1
MM 2253807 237 1.75 1.99 0 0 0.438528 0.561472 1
MM 2253807 238 1.75 1.99 0 0 0.350822 0.649178 1
MM 2253807 239 1.75 1.99 0 0.3 0.280658 0.719342 1
MM 2253807 240 1.75 1.99 0 0.3 0.224526 0.775474 1
MM 2253807 241 1.86 1.99 0 0.3 0.179621 0.820379 1
CH 2253807 242 1.86 1.99 0 0.3 0.143697 0.856303 1
MM 2253807 243 1.86 1.99 0 0.8 0.314957 0.685043 1
MM 2253807 244 1.86 2.09 0 0 0.251966 0.748034 1
MM 2253807 246 1.86 2.09 0 0 0.201573 0.798427 1
MM 2253807 275 1.96 2.13 0 0.74 0.161258 0.838742 1
MM 2253807 276 1.99 2.13 0 0 0.129007 0.870993 1
MM 2253807 277 1.99 2.13 0.24 0 0.103205 0.896795 1
MM 2253807 278 1.99 2.13 0.24 0 0.082564 0.917436 1
CH 2254805 233 1.75 1.99 0 0.4 0.4 0.6 0
CH 2254805 254 1.86 2.18 0 0 0.52 0.48 0
MM 2254805 262 1.76 1.99 0 0.4 0.616 0.384 1
CH 2254805 264 1.86 2.13 0.37 0 0.4928 0.5072 0
CH 2254805 265 1.86 2.13 0.37 0 0.59424 0.40576 0
CH 2254805 269 1.86 2.13 0.27 0 0.675392 0.324608 0
MM 2254805 274 1.96 2.13 0 0.74 0.740314 0.259686 1
CH 2254805 274 1.86 2.13 0.47 0.54 0.592251 0.407749 0
CH 2254995 269 1.99 2.09 0.1 0 0.5 0.5 3
MM 2254995 271 1.99 2.09 0.1 0.4 0.6 0.4 3
MM 2255182 253 1.86 2.09 0.1 0 0.5 0.5 0
MM 2255182 275 1.96 2.18 0 0.8 0.4 0.6 2
MM 2256008 229 1.69 1.69 0 0.2 0.5 0.5 0
MM 2256008 239 1.79 2.23 0 0 0.4 0.6 4
MM 2256008 243 1.99 2.23 0 0 0.32 0.68 4
MM 2256008 258 1.86 2.18 0 0 0.256 0.744 0
CH 2256511 229 1.69 1.69 0 0.2 0.6 0.4 0
MM 2256511 231 1.69 1.99 0 0 0.68 0.32 0
CH 2256511 254 1.86 2.18 0 0 0.544 0.456 0
MM 2256511 275 1.99 2.13 0 0.54 0.6352 0.3648 0
MM 2256925 228 1.69 1.69 0 0 0.4 0.6 2
MM 2256925 263 1.86 2.18 0 0 0.32 0.68 2
MM 2257576 227 1.79 1.79 0 0 0.16384 0.83616 3
MM 2257576 235 1.79 2.09 0 0 0.131072 0.868928 3
MM 2257576 238 1.79 2.09 0 0 0.104858 0.895142 3
MM 2257576 260 1.99 2.09 0 0 0.083886 0.916114 3
CH 2257576 272 1.99 2.09 0 0.4 0.067109 0.932891 3
MM 2257576 272 1.99 2.09 0 0.4 0.253687 0.746313 3
CH 2257733 229 1.69 1.69 0 0.2 0.4 0.6 0
CH 2258343 230 1.69 1.99 0 0 0.5648 0.4352 0
CH 2258343 231 1.69 1.99 0 0 0.65184 0.34816 0
CH 2258343 232 1.69 1.99 0 0.4 0.721472 0.278528 0
CH 2258343 233 1.75 1.99 0 0.4 0.777178 0.222822 0
CH 2258343 233 1.75 1.99 0 0.4 0.821742 0.178258 0
CH 2258343 234 1.69 1.99 0 0 0.857394 0.142606 1
CH 2258343 235 1.75 1.99 0 0.4 0.885915 0.114085 0
CH 2258343 236 1.75 1.99 0 0.4 0.908732 0.091268 0
CH 2258343 237 1.75 1.99 0 0.4 0.926986 0.073014 0
CH 2258343 240 1.86 2.09 0 0 0.941588 0.058412 0
MM 2258343 240 1.86 2.09 0 0 0.953271 0.046729 0
MM 2258343 244 1.86 2.09 0 0.2 0.762617 0.237383 0
CH 2258343 252 1.89 2.09 0.13 0 0.610093 0.389907 2
MM 2258343 254 1.99 2.29 0 0 0.688075 0.311925 4
CH 2258343 256 1.89 2.18 0.13 0 0.55046 0.44954 2
CH 2258343 258 1.99 2.29 0 0 0.640368 0.359632 4
CH 2258343 260 1.86 2.13 0 0.24 0.712294 0.287706 0
CH 2258343 260 1.86 2.13 0 0.24 0.769835 0.230165 0
CH 2258343 260 1.76 1.99 0 0.2 0.815868 0.184132 1
CH 2258343 263 1.86 2.13 0.27 0 0.852695 0.147305 0
CH 2258343 265 1.86 2.13 0.37 0 0.882156 0.117844 0
CH 2258343 265 1.86 2.13 0.37 0 0.905725 0.094275 0
CH 2258343 269 1.99 2.09 0.1 0 0.92458 0.07542 4
CH 2258343 270 1.86 2.13 0.27 0 0.939664 0.060336 0
CH 2258343 272 1.99 2.09 0 0.4 0.951731 0.048269 4
CH 2258343 277 1.99 2.13 0.5 0 0.961385 0.038615 0
MM 2258459 228 1.69 1.69 0 0 0.5 0.5 1
MM 2258459 228 1.69 1.69 0 0 0.4 0.6 1
MM 2259895 233 1.69 1.99 0 0 0.5 0.5 1
MM 2259895 235 1.69 1.99 0 0 0.4 0.6 1
CH 2259895 237 1.75 1.99 0 0.4 0.32 0.68 0
CH 2259895 238 1.75 1.99 0 0 0.456 0.544 1
CH 2259895 238 1.75 1.99 0 0 0.5648 0.4352 1
CH 2259895 239 1.75 1.99 0 0.3 0.65184 0.34816 1
CH 2259895 240 1.75 1.99 0 0.3 0.721472 0.278528 1
CH 2259895 241 1.86 1.99 0 0.3 0.777178 0.222822 1
CH 2259895 252 1.76 2.09 0 0 0.821742 0.178258 1
CH 2259895 253 1.76 2.09 0 0 0.857394 0.142606 1
CH 2259895 255 1.76 2.18 0 0 0.885915 0.114085 1
CH 2259895 256 1.76 2.18 0 0 0.908732 0.091268 1
MM 2260844 228 1.69 1.69 0 0 0.744 0.256 0
CH 2260844 230 1.69 1.99 0 0 0.5952 0.4048 0
CH 2260844 231 1.69 1.99 0 0 0.67616 0.32384 0
CH 2260844 237 1.75 1.99 0 0.4 0.740928 0.259072 0
CH 2260844 238 1.75 1.99 0 0.4 0.792742 0.207258 0
CH 2260844 243 1.86 2.09 0 0 0.834194 0.165806 2
MM 2261594 227 1.69 1.69 0 0 0.32 0.68 1
CH 2261594 228 1.69 1.69 0 0 0.256 0.744 0
CH 2261594 232 1.69 1.99 0 0 0.4048 0.5952 1
CH 2261594 233 1.75 1.99 0 0.4 0.52384 0.47616 0
CH 2261594 235 1.69 1.99 0 0 0.619072 0.380928 1
MM 2261594 236 1.75 1.99 0 0 0.695258 0.304742 1
MM 2261594 242 1.86 1.99 0 0.3 0.556206 0.443794 1
MM 2261594 245 1.86 2.09 0 0.2 0.444965 0.555035 0
CH 2261594 251 1.76 2.09 0 0 0.355972 0.644028 1
CH 2261594 251 1.86 2.09 0.1 0 0.484778 0.515222 0
CH 2261594 252 1.86 2.09 0.1 0 0.587822 0.412178 0
CH 2261594 256 1.86 2.18 0 0 0.670258 0.329742 0
MM 2261594 257 1.86 2.18 0 0 0.736206 0.263794 0
CH 2261594 261 1.86 2.13 0 0.24 0.588965 0.411035 0
CH 2261594 270 1.86 2.18 0 0 0.671172 0.328828 1
